555155

5.-15 49 (9) 19¹( (31)
ι..610 50 (8) 94,1, (44)
(5.11-14 53 (6) 1041, (31)
Am I 39· (19) 841, (47)6
II 40 (10) 9 (69)
III 99 (15) 641, (70)
{9170 ormae 95 19) 541, (9)3
ιΔιιι. I 311 (13) 841, (4
H 41411941 14
1118111151 641, (6
mAm. 58 (7) 511, (7
91991 5511, (14) 71,(103)
II 584,1 (15) 61 (199)
III 1041, (7) 7 (105)
IV 184 (6) 64,1 (198)
V 8411, (8) 61 (119)
VI 144 (5) 74,1 (96)
1411 96 (9) 61,1 ( )5
VIII 19611, (17) 71, (193)5
IX 114 (7)7 11,,(11115
X 74 (10) 99„ (110)4
11

1

1

7)
1)
3)
5

130

ιιι 7994 (ιι) 3,,55
1711 555, (5)
ιιιιι 1071, ((5)
xlv 990 (1)
ιιι 55 (5)
55.) 1 55), (5)

5,(55
5), ι55)4
5 199)
7 ιιι)
154)
ιι 55, (7) 5 (5)
ιιι 551( (ι) 5 (5
17 119 (4) 5 5
v 919⁴ (4)
vl 999 (5) (
1551991515(
ιι 799⁴ (4) ι), (
ιιι 79 (55)
17 5,(5) 11
V 19161
455 1555, (5)

11
65
,5555 55,(1,
5,
41
451

ι,
³9
65
1
9
92
641
9

8
1
0
58
6
7
9

1
1
1
1
1
1
1
1
1
1
1
1
1

5
9
9
9
1
ιι 555, ( 5

ιιι ι54 5)
5ι)
96)

„W
32(

VV
91
55
55)
55

ι, 54

35, 55
14

¹21 9

6, 91

1
1
1
7(
1
1
44,(8

1
1
1
1
119
1
4115
761
18110)

41,,(55)
4,) (180)10
55, (ι54

1791814Ξ 911,
,5,

ἰι vv in vv.
1 1⁰¹1 13 19¹9
) 134151

5 9 (54111,
14 (55)
1ἓ45139114

91³¹w9¹11 5,
119¹} (55) 5,,

194

1,
14,(
15

9
17411193

11¹}

179 413

(19¹¹

1, (911

41166)
Ἣ)

455, (551
3¹9( 19 71 9311

1341101311) 98ιθ
(195) 9541

 

